12389
10996
7209
7395
13477
3806
5616
14323
5467
8317
1897
13201
13207
16022
16225
12317
3406
11949
10995
16035
6991
11302
3080
9089
1226
299
4276
9892
9285
2573
10532
3088
14798
13855
5764
3637
2464
15472
9607
11690
8415
10858
16827
5913
8509
5606
14956
10469
2805
2902
7993
11776
16106
10740
16040
7614
675
13199
1415
7513
4041
12615
10606
7315
15102
5862
3350
1381
2091
3377
5322
2640
4035
6996
7537
4767
5744
5545
16165
6450
14763
13890
9631
16719
1117
11716
14857
529
1481
16623
807
9049
10224
7944
11478
11291
3274
7976
13332
8756
15915
2262
13817
3074
2354
3138
11118
9714
1591
14619
16174
6495
6320
10728
12752
5345
8792
6832
16552
1813
1011
9603
9745
435
4655
13267
3828
66
1836
13608
5173
7488
1350
11938
14929
12282
186
15160
2484
2222
14338
10360
7093
4443
9977
13504
9270
7457
3979
11916
